0 0 0
0 0 42
0 42 0
0 42 42
42 0 0
42 0 42
42 21 0
42 42 42
21 21 21
21 21 63
21 63 21
21 63 63
63 21 21
63 21 63
63 63 21
63 63 63
10 26 8
11 27 9
13 29 10
14 31 11
16 33 12
18 35 14
19 37 15
21 39 16
22 41 17
24 43 18
26 45 20
27 47 21
29 49 22
30 51 23
32 53 24
34 55 26
4 16 6
4 17 6
5 18 7
6 20 8
7 21 8
8 23 9
9 24 10
10 26 10
11 27 11
12 29 12
13 30 12
14 32 13
15 33 14
16 35 14
17 36 15
18 38 16
26 20 8
27 21 8
28 22 9
30 24 10
31 25 11
33 26 12
34 28 13
36 29 14
37 30 15
39 32 16
40 33 17
42 34 18
43 36 19
45 37 20
46 38 21
48 40 22
22 22 24
24 24 26
26 26 28
28 28 30
30 30 32
32 32 34
34 34 36
36 36 38
38 38 41
40 40 43
42 42 45
44 44 47
46 46 49
48 48 51
50 50 53
52 52 56
4 10 30
5 11 32
6 13 34
7 14 36
8 16 38
9 18 40
10 19 42
11 21 44
12 22 46
13 24 48
14 26 50
15 27 52
16 29 54
17 30 56
18 32 58
20 34 60
16 20 10
17 21 10
18 22 11
19 23 12
20 24 13
21 26 14
22 27 14
23 28 15
24 29 16
25 30 17
26 32 18
27 33 18
28 34 19
29 35 20
30 36 21
32 38 22
24 24 26
26 26 28
28 28 30
30 30 32
32 32 34
34 34 36
36 36 38
38 38 40
40 40 43
42 42 45
44 44 47
46 46 49
48 48 51
50 50 53
52 52 55
55 55 58
28 22 12
29 23 13
31 24 14
32 26 15
34 27 16
36 29 17
37 30 18
39 32 19
40 33 20
42 35 21
44 36 22
45 38 23
47 39 24
48 41 25
50 42 26
52 44 28
24 0 0
26 1 1
29 3 2
31 5 4
34 6 5
37 8 6
39 10 8
42 12 9
44 13 10
47 15 12
50 17 13
52 19 14
55 20 16
57 22 17
60 24 18
63 26 20
0 12 30
1 14 32
3 16 34
5 18 36
6 20 38
8 22 41
10 24 43
12 26 45
13 29 47
15 31 49
17 33 52
19 35 54
20 37 56
22 39 58
24 41 60
26 44 63
30 26 0
32 28 1
34 30 2
36 32 4
38 35 5
41 37 6
43 39 8
45 41 9
47 44 10
49 46 12
52 48 13
54 50 14
56 53 16
58 55 17
60 57 18
63 60 20
0 0 0
1 1 1
2 2 2
3 3 3
4 4 4
5 5 5
6 6 6
7 7 7
8 8 8
9 9 9
10 10 10
11 11 11
12 12 12
13 13 13
14 14 14
15 15 15
16 16 16
17 17 17
18 18 18
19 19 19
20 20 20
21 21 21
22 22 22
23 23 23
24 24 24
25 25 25
26 26 26
27 27 27
28 28 28
29 29 29
30 30 30
31 31 31
32 32 32
33 33 33
34 34 34
35 35 35
36 36 36
37 37 37
38 38 38
39 39 39
40 40 40
41 41 41
42 42 42
43 43 43
44 44 44
45 45 45
46 46 46
47 47 47
48 48 48
49 49 49
50 50 50
51 51 51
52 52 52
53 53 53
54 54 54
55 55 55
56 56 56
57 57 57
58 58 58
59 59 59
60 60 60
61 61 61
62 62 62
63 63 63
