11111111111111112222222222222222
11111111111111000022222222222222
11111111111100000000222222222222
11111111110000000000002222222222
11111111000000000000000022222222
11111100000000000000000000222222
11110000000000000000000000002222
11000000000000000000000000000022
00000000000000000000000000000000
00000000000000000000000000000000
00000000000000000000000000000000
00000000000000000000000000000000
00000000000000000000000000000000
00000000000000000000000000000000
00000000000000000000000000000000
00000000000000000000000000000000
00000000000000000000000000000000
00000000000000000000000000000000
00000000000000000000000000000000
00000000000000000000000000000000
00000000000000000000000000000000
00000000000000000000000000000000
00000000000000000000000000000000
00000000000000000000000000000000
