;; 골든 프리미티브 — tools/gen_prim.py 가 만든다 (오라클은 구현과 다른 알고리즘)
dirs 1 0 1 -1 0 -1 -1 0 -1 1 0 1
oddr 0 0 0 0
oddq 0 0 0 0
oddr 1 0 1 0
oddq 1 0 1 0
oddr 0 1 0 1
oddq 0 1 0 1
oddr 3 -2 2 -2
oddq 3 -2 3 -1
oddr -4 5 -2 5
oddq -4 5 -4 3
oddr -1 -1 -2 -1
oddq -1 -1 -1 -2
oddr 7 -3 5 -3
oddq 7 -3 7 0
oddr -5 -6 -8 -6
oddq -5 -6 -5 -9
dist 0 0 0 0 0
dist 0 0 3 0 3
dist 0 0 0 3 3
dist 0 0 3 -3 3
dist 0 0 2 -1 2
dist -2 3 4 -2 6
dist 1 1 -3 2 4
dist 5 -5 -5 5 10
neighbors 0 0 1 0 1 -1 0 -1 -1 0 -1 1 0 1
neighbors 2 -1 3 -1 3 -2 2 -2 1 -1 1 0 2 0
neighbors -3 4 -2 4 -2 3 -3 3 -4 4 -4 5 -3 5
ring 1 -1 1 0 1 1 0 1 -1 0 -1 -1 0
ring 2 -2 2 -1 2 0 2 1 1 2 0 2 -1 2 -2 1 -2 0 -2 -1 -1 -2 0 -2 1
ring 3 -3 3 -2 3 -1 3 0 3 1 2 2 1 3 0 3 -1 3 -2 3 -3 2 -3 1 -3 0 -3 -1 -2 -2 -1 -3 0 -3 1 -3 2
spiral 0 1
spiral 1 7
spiral 2 19
spiral 3 37
spiral 4 61
line 0 0 4 0 5 0 0 1 0 2 0 3 0 4 0
line 0 0 0 4 5 0 0 0 1 0 2 0 3 0 4
line 0 0 4 -2 5 0 0 1 -1 2 -1 3 -2 4 -2
line 0 0 -3 -1 5 0 0 -1 0 -1 -1 -2 -1 -3 -1
line 2 2 -2 -1 8 2 2 1 2 1 1 0 1 0 0 -1 0 -1 -1 -2 -1
line -1 4 5 -3 8 -1 4 0 3 1 2 2 1 2 0 3 -1 4 -2 5 -3
pick 0 0 0 0 -1 -1
pick 0 0 32 24 1 0
pick 16 0 0 0 -1 -1
pick 16 0 32 24 1 0
pick 31 7 0 0 -1 -1
pick 31 7 32 24 1 1
pick 16 16 0 0 0 0
pick 16 16 32 24 1 1
pick 0 23 0 0 0 0
pick 0 23 32 24 0 1
pick 40 5 0 0 1 0
pick 40 5 32 24 1 1
pick 48 30 0 0 1 0
pick 48 30 32 24 2 2
pick 100 60 0 0 3 2
pick 100 60 32 24 3 3
pick 255 167 0 0 7 6
pick 255 167 32 24 8 7
pick 17 3 0 0 0 0
pick 17 3 32 24 1 0
pick 15 3 0 0 0 0
pick 15 3 32 24 1 0
pick 200 100 0 0 6 4
pick 200 100 32 24 7 4
lcg 464367618 143896441 2796163716 1163295763 1428017750 4213630397 3966168056 1256570615 978259946
d6 6 1 3 4 5 3 4 6
fnv - 2166136261
fnv 61 3826002220
fnv 686578776172 1553309600
fnv 302c302c302c302c302c31302c362c362c300a 383592578
cell 0 0 0 0
cell 1 2 0 33
cell 7 7 1 247
cell 4 3 1 180
cell 15 5 0 95
