== 1. 학습 곡선 (스텝 손실 학습률 노름) ==
1 1.3819 4.00e-05 4.846
50 0.6330 2.00e-03 0.229
100 0.6316 4.00e-03 0.898
150 0.6280 6.00e-03 0.731
200 0.6207 5.98e-03 0.158
250 0.6201 5.94e-03 0.095
300 0.6214 5.86e-03 0.319
350 0.6199 5.75e-03 0.196
400 0.6203 5.61e-03 0.056
450 0.6265 5.45e-03 0.582
500 0.6208 5.26e-03 0.228
550 0.6202 5.05e-03 0.079
600 0.6258 4.82e-03 0.418
650 0.6197 4.56e-03 0.221
700 0.6214 4.30e-03 0.154
750 0.6187 4.02e-03 0.108
800 0.6237 3.74e-03 0.352
850 0.6232 3.45e-03 0.226
900 0.6206 3.15e-03 0.074
950 0.6211 2.86e-03 0.097
1000 0.6201 2.58e-03 0.058
1050 0.6206 2.30e-03 0.105
1100 0.6200 2.04e-03 0.084
1150 0.6219 1.78e-03 0.136
1200 0.6193 1.55e-03 0.067
1250 0.6194 1.34e-03 0.115
1300 0.6203 1.15e-03 0.020
1350 0.6206 9.86e-04 0.088
1400 0.6200 8.50e-04 0.006
1450 0.6195 7.41e-04 0.057
1500 0.6195 6.63e-04 0.149
1550 0.6215 6.16e-04 0.133
1600 0.6217 6.00e-04 0.140
