== 1. 학습 곡선 (스텝 손실 학습률 노름) ==
1 2.6275 4.00e-05 1.942
50 1.7059 2.00e-03 0.503
100 1.6529 4.00e-03 0.584
150 1.5663 6.00e-03 0.657
200 1.5595 6.00e-03 1.610
250 1.5125 5.98e-03 0.432
300 1.5055 5.96e-03 0.419
350 1.5095 5.93e-03 0.473
400 1.4858 5.90e-03 0.433
450 1.4834 5.85e-03 0.544
500 1.4758 5.80e-03 0.451
550 1.4527 5.74e-03 0.615
600 1.4207 5.67e-03 0.492
650 1.3845 5.60e-03 0.544
700 1.3513 5.52e-03 0.611
750 1.3678 5.43e-03 0.595
800 1.3526 5.34e-03 0.555
850 1.3180 5.24e-03 0.498
900 1.2978 5.13e-03 0.564
950 1.2816 5.02e-03 0.561
1000 1.2828 4.90e-03 0.761
1050 1.2765 4.78e-03 0.426
1100 1.2760 4.65e-03 0.868
1150 1.2285 4.52e-03 0.579
1200 1.1964 4.38e-03 0.916
1250 1.1613 4.25e-03 0.768
1300 1.1308 4.11e-03 0.948
1350 1.1258 3.96e-03 0.868
1400 1.0974 3.82e-03 0.394
1450 1.0945 3.67e-03 0.489
1500 1.0955 3.52e-03 0.464
1550 1.1077 3.37e-03 1.118
1600 1.1083 3.23e-03 0.687
1650 1.0979 3.08e-03 0.799
1700 1.0773 2.93e-03 0.416
1750 1.0860 2.78e-03 0.621
1800 1.1108 2.64e-03 0.765
1850 1.0787 2.49e-03 0.408
1900 1.0972 2.35e-03 0.825
1950 1.0755 2.22e-03 0.387
2000 1.0684 2.08e-03 0.239
2050 1.0769 1.95e-03 0.360
2100 1.0814 1.82e-03 0.685
2150 1.0795 1.70e-03 0.569
2200 1.0709 1.58e-03 0.282
2250 1.0777 1.47e-03 0.667
2300 1.0736 1.36e-03 0.466
2350 1.0714 1.26e-03 0.381
2400 1.0757 1.17e-03 0.618
2450 1.0733 1.08e-03 0.318
2500 1.0657 1.00e-03 0.302
2550 1.0646 9.25e-04 0.138
2600 1.0727 8.58e-04 0.618
2650 1.0687 7.98e-04 0.299
2700 1.0633 7.46e-04 0.278
2750 1.0685 7.02e-04 0.305
2800 1.0689 6.65e-04 0.289
2850 1.0698 6.37e-04 0.233
2900 1.0626 6.16e-04 0.127
2950 1.0659 6.04e-04 0.432
3000 1.0712 6.00e-04 0.475
