== 1. 학습 곡선 (스텝 손실 학습률 노름) ==
1 3.3897 4.00e-05 1.832
50 2.5012 2.00e-03 1.034
100 1.9585 4.00e-03 1.038
150 1.7324 6.00e-03 0.981
200 1.5794 5.99e-03 0.962
250 1.5568 5.96e-03 1.159
300 1.5792 5.91e-03 0.868
350 1.5453 5.85e-03 0.865
400 1.4657 5.76e-03 0.685
450 1.4882 5.66e-03 0.899
500 1.4885 5.54e-03 0.656
550 1.4918 5.40e-03 0.622
600 1.4819 5.25e-03 0.675
650 1.4895 5.08e-03 0.611
700 1.4548 4.91e-03 0.625
750 1.4444 4.72e-03 0.499
800 1.4448 4.52e-03 0.667
850 1.4227 4.31e-03 0.426
900 1.4109 4.09e-03 0.400
950 1.4291 3.87e-03 0.468
1000 1.4155 3.64e-03 0.311
1050 1.4073 3.41e-03 0.297
1100 1.4248 3.19e-03 0.480
1150 1.4113 2.96e-03 0.639
1200 1.4222 2.73e-03 0.685
1250 1.4125 2.51e-03 0.310
1300 1.4121 2.29e-03 0.348
1350 1.3983 2.08e-03 0.205
1400 1.4064 1.88e-03 0.332
1450 1.4085 1.69e-03 0.263
1500 1.4040 1.52e-03 0.214
1550 1.3978 1.35e-03 0.125
1600 1.4081 1.20e-03 0.495
1650 1.3938 1.06e-03 0.115
1700 1.3972 9.43e-04 0.116
1750 1.3910 8.40e-04 0.129
1800 1.3990 7.54e-04 0.123
1850 1.3912 6.87e-04 0.142
1900 1.3935 6.39e-04 0.165
1950 1.3948 6.10e-04 0.103
2000 1.3924 6.00e-04 0.118
