== 1. 학습 곡선 (스텝 손실 학습률 노름) ==
1 3.3676 4.00e-05 1.642
50 2.8493 2.00e-03 0.594
100 1.5791 4.00e-03 0.520
150 1.4204 6.00e-03 0.418
200 1.4126 5.99e-03 0.405
250 1.4166 5.96e-03 0.320
300 1.4038 5.91e-03 0.280
350 1.4032 5.85e-03 0.532
400 1.4037 5.76e-03 0.238
450 1.4068 5.66e-03 0.265
500 1.3895 5.54e-03 0.148
550 1.4118 5.40e-03 0.193
600 1.3947 5.25e-03 0.139
650 1.3972 5.08e-03 0.112
700 1.3991 4.91e-03 0.099
750 1.4032 4.72e-03 0.109
800 1.4119 4.52e-03 0.111
850 1.3979 4.31e-03 0.111
900 1.3965 4.09e-03 0.078
950 1.3964 3.87e-03 0.086
1000 1.3966 3.64e-03 0.068
1050 1.3986 3.41e-03 0.086
1100 1.3937 3.19e-03 0.072
1150 1.3935 2.96e-03 0.079
1200 1.3924 2.73e-03 0.078
1250 1.3988 2.51e-03 0.146
1300 1.4019 2.29e-03 0.079
1350 1.3953 2.08e-03 0.078
1400 1.3938 1.88e-03 0.099
1450 1.3927 1.69e-03 0.080
1500 1.3958 1.52e-03 0.100
1550 1.3859 1.35e-03 0.092
1600 1.4009 1.20e-03 0.107
1650 1.4008 1.06e-03 0.103
1700 1.3835 9.43e-04 0.092
1750 1.3974 8.40e-04 0.092
1800 1.3882 7.54e-04 0.091
1850 1.3844 6.87e-04 0.121
1900 1.3936 6.39e-04 0.113
1950 1.3876 6.10e-04 0.112
2000 1.3914 6.00e-04 0.179
