== 1. 학습 곡선 (스텝 손실 학습률 노름) ==
1 2.6175 4.00e-05 1.938
50 1.7090 2.00e-03 0.763
100 1.6309 4.00e-03 0.633
150 1.6236 6.00e-03 0.641
200 1.6393 6.00e-03 0.612
250 1.6056 5.98e-03 0.317
300 1.6027 5.96e-03 0.288
350 1.7997 5.93e-03 3.491
400 1.6010 5.90e-03 0.202
450 1.5966 5.85e-03 0.317
500 1.6000 5.80e-03 0.231
550 1.5997 5.74e-03 0.284
600 1.6147 5.67e-03 0.667
650 1.5930 5.60e-03 0.155
700 1.5941 5.52e-03 0.126
750 1.5936 5.43e-03 0.187
800 1.6105 5.34e-03 0.258
850 1.5853 5.24e-03 0.132
900 1.4162 5.13e-03 0.552
950 1.3230 5.02e-03 0.697
1000 1.1890 4.90e-03 0.480
1050 1.1675 4.78e-03 1.043
1100 1.1528 4.65e-03 0.951
1150 1.1433 4.52e-03 1.270
1200 1.1199 4.38e-03 1.027
1250 1.1257 4.25e-03 1.068
1300 1.1068 4.11e-03 1.361
1350 1.1362 3.96e-03 2.696
1400 1.1293 3.82e-03 1.889
1450 1.0890 3.67e-03 0.801
1500 1.0864 3.52e-03 0.724
1550 1.1385 3.37e-03 3.366
1600 1.1353 3.23e-03 3.124
1650 1.0880 3.08e-03 0.981
1700 1.0987 2.93e-03 1.919
1750 1.0747 2.78e-03 0.252
1800 1.1118 2.64e-03 2.586
1850 1.0837 2.49e-03 0.777
1900 1.0885 2.35e-03 0.936
1950 1.0621 2.22e-03 0.135
2000 1.0865 2.08e-03 1.280
2050 1.0984 1.95e-03 2.173
2100 1.0794 1.82e-03 0.931
2150 1.0707 1.70e-03 0.768
2200 1.0696 1.58e-03 0.317
2250 1.0679 1.47e-03 0.850
2300 1.0635 1.36e-03 0.082
2350 1.0654 1.26e-03 0.189
2400 1.0667 1.17e-03 0.285
2450 1.0667 1.08e-03 0.324
2500 1.0639 1.00e-03 0.211
2550 1.0653 9.25e-04 0.414
2600 1.0653 8.58e-04 0.386
2650 1.0640 7.98e-04 0.231
2700 1.0640 7.46e-04 0.459
2750 1.0644 7.02e-04 0.107
2800 1.0651 6.65e-04 0.426
2850 1.0671 6.37e-04 0.165
2900 1.0625 6.16e-04 0.145
2950 1.0631 6.04e-04 0.207
3000 1.0623 6.00e-04 0.129
