== 1. 학습 곡선 (스텝 손실 학습률 노름) ==
1 6.2471 1.00e-04 1.443
20 5.4979 2.00e-03 0.542
40 4.9715 4.00e-03 1.080
60 4.6166 5.00e-03 0.689
80 4.2849 4.97e-03 0.726
100 4.0809 4.92e-03 0.725
120 4.1360 4.85e-03 0.747
140 3.8644 4.75e-03 0.789
160 3.8954 4.62e-03 0.832
180 3.8909 4.48e-03 0.755
200 3.6702 4.32e-03 0.748
220 3.7832 4.14e-03 0.798
240 3.6747 3.94e-03 0.778
260 3.7459 3.73e-03 0.815
280 3.6145 3.51e-03 0.773
300 3.6532 3.28e-03 0.733
320 3.6465 3.05e-03 0.828
340 3.6036 2.81e-03 0.797
360 3.3814 2.57e-03 0.804
380 3.4560 2.33e-03 0.766
400 3.3722 2.10e-03 0.761
420 3.4688 1.88e-03 0.741
440 3.5010 1.66e-03 0.847
460 3.4677 1.46e-03 0.856
480 3.3554 1.27e-03 0.868
500 3.5115 1.10e-03 0.779
520 3.2586 9.44e-04 0.858
540 3.3466 8.12e-04 0.800
560 3.3923 7.01e-04 0.858
580 3.1758 6.14e-04 0.868
600 3.2316 5.51e-04 0.897
620 3.4689 5.13e-04 0.832
640 3.4116 5.00e-04 0.885

== 2. 검증 손실 (스텝 손실) ==
160 3.8789
320 3.4647
480 3.2651
640 3.1696
