== 1. 학습 곡선 (스텝 손실 학습률 노름) ==
1 6.2401 1.00e-04 1.055
20 5.6710 2.00e-03 0.445
40 5.2649 4.00e-03 1.052
60 4.6651 5.00e-03 0.774
80 4.2843 4.97e-03 0.739
100 4.2693 4.92e-03 0.784
120 4.0819 4.85e-03 0.777
140 4.0112 4.75e-03 0.817
160 4.0089 4.62e-03 0.772
180 3.9735 4.48e-03 0.842
200 3.8103 4.32e-03 0.884
220 3.9890 4.14e-03 1.002
240 3.9049 3.94e-03 0.882
260 3.9210 3.73e-03 0.897
280 3.8060 3.51e-03 0.866
300 3.8296 3.28e-03 0.758
320 3.8961 3.05e-03 0.783
340 3.8155 2.81e-03 0.895
360 3.7116 2.57e-03 0.785
380 3.8031 2.33e-03 0.893
400 3.7921 2.10e-03 0.884
420 3.6133 1.88e-03 0.811
440 3.5959 1.66e-03 0.775
460 3.7477 1.46e-03 0.763
480 3.6287 1.27e-03 0.731
500 3.8487 1.10e-03 0.894
520 3.6712 9.44e-04 0.766
540 3.5482 8.12e-04 0.742
560 3.6680 7.01e-04 0.872
580 3.6310 6.14e-04 0.786
600 3.5340 5.51e-04 0.792
620 3.5398 5.13e-04 0.803
640 3.6978 5.00e-04 0.839

== 2. 검증 손실 (스텝 손실) ==
160 4.0056
320 3.8390
480 3.7312
640 3.6877
