== 1. 거리 척도 ==
  dx   dy     d1  dinf   d83   dab   doct     eu3  d83pm  dabpm doctpm
   1    0      1     1     1     1     10    1000      0      0      0
   0    1      1     1     1     1     10    1000      0      0      0
   1    1      2     1     1     1     14    1414   -293   -293    -10
   2    1      3     2     2     2     24    2236   -106   -106     73
   3    1      4     3     3     3     34    3162    -52    -52     75
   3    2      5     3     3     4     38    3605   -168    109     54
   4    3      7     4     5     5     52    5000      0      0     40
   5    5     10     5     6     7     70    7071   -152    -11    -11
   8    3     11     8     9     9     92    8544     53     53     76
  10    0     10    10    10    10    100   10000      0      0      0
  10   10     20    10    13    14    140   14142    -81    -11    -11
  -7    4     11     7     8     8     86    8062     -8     -8     66
  -6   -6     12     6     8     8     84    8485    -58    -58    -11
   0   -9      9     9     9     9     90    9000      0      0      0
  12   -5     17    12    13    14    140   13000      0     76     76
  -3   11     14    11    12    12    122   11401     52     52     70
eu3 = floor(sqrt(dx^2+dy^2) * 1000)
d83pm dabpm = 유클리드 대비 천분율 편차
doctpm = 유클리드*10 대비. 옥타일은 유클리드 근사가 아니므로 참고값이며,
참 옥타일과의 비교는 out/analysis.txt 2절에 있다.

== 2. 정수 제곱근 ==
          n     isqrt          isqrt^2      (isqrt+1)^2
          0         0                0                1
          1         1                1                4
          2         1                1                4
          3         1                1                4
         15         3                9               16
         16         4               16               25
         17         4               16               25
         99         9               81              100
        100        10              100              121
      65535       255            65025            65536
      65536       256            65536            66049
    1000000      1000          1000000          1002001
 2147483647     46340       2147395600       2147488281

== 3. 8방향 판별 ==
  dx   dy  12*mn  5*mx  대각  방향  이름
  12    5     60    60     0     2  E
  12   -5     60    60     0     2  E
  12    6     72    60     1     3  SE
   5   12     60    60     0     4  S
  12    4     48    60     0     2  E
 -12    5     60    60     0     6  W
  -5  -12     60    60     0     0  N
   0    0      0     0     0     2  E
   1    0      0     5     0     2  E
   0   -1      0     5     0     0  N
   7    3     36    35     1     3  SE
   3    7     36    35     1     3  SE
  -9   -4     48    45     1     7  NW
   4   -9     48    45     1     1  NE
 100   41    492   500     0     2  E
 100   42    504   500     1     3  SE

== 4. LCG ==
  i           상태   next15
  1       22695478      346
  2     2156045615      130
  3     2867233980    10982
  4       71484141     1090
  5     2911408402    11656
  6     2613937339     7117
  7     1153135800    17595
  8      420428313     6415
  9     1503962414    22948
 10     4187371143    31126
하위 비트의 짧은 주기 — 상태의 최하위 1·2비트
  bit0: 0 1 0 1 0 1 0 1 0 1 0 1 0 1 0 1
  bit10: 2 3 0 1 2 3 0 1 2 3 0 1 2 3 0 1
roll(6) x20: 4 0 1 4 2 0 2 1 4 0 5 4 0 1 0 4 0 5 4 1
기각 횟수 0
roll(6) x6000 도수: 997 1015 976 995 1003 1014
기각 횟수 1

== 5. 오토타일 ==
클래스 47개
정규화 인덱스 (마스크 0..255, 16개씩)
    0   1   0   1   2   3   2   4   0   1   0   1   2   3   2   4
    5   6   5   6   7   8   7   9   5   6   5   6  10  11  10  12
    0   1   0   1   2   3   2   4   0   1   0   1   2   3   2   4
    5   6   5   6   7   8   7   9   5   6   5   6  10  11  10  12
   13  14  13  14  15  16  15  17  13  14  13  14  15  16  15  17
   18  19  18  19  20  21  20  22  18  19  18  19  23  24  23  25
   13  14  13  14  15  16  15  17  13  14  13  14  15  16  15  17
   26  27  26  27  28  29  28  30  26  27  26  27  31  32  31  33
    0   1   0   1   2   3   2   4   0   1   0   1   2   3   2   4
    5   6   5   6   7   8   7   9   5   6   5   6  10  11  10  12
    0   1   0   1   2   3   2   4   0   1   0   1   2   3   2   4
    5   6   5   6   7   8   7   9   5   6   5   6  10  11  10  12
   13  34  13  34  15  35  15  36  13  34  13  34  15  35  15  36
   18  37  18  37  20  38  20  39  18  37  18  37  23  40  23  41
   13  34  13  34  15  35  15  36  13  34  13  34  15  35  15  36
   26  42  26  42  28  43  28  44  26  42  26  42  31  45  31  46
클래스별 마스크 개수
    0:16    1:16    4:16    5:8     7:8    16:16   17:16   20:8  
   21:4    23:4    28:8    29:4    31:4    64:16   65:8    68:16 
   69:4    71:4    80:8    81:4    84:4    85:1    87:1    92:4  
   93:1    95:1   112:8   113:4   116:4   117:1   119:1   124:4  
  125:1   127:1   193:8   197:4   199:4   209:4   213:1   215:1  
  221:1   223:1   241:4   245:1   247:1   253:1   255:1  

== 6. 원 마스크 ==
 r    개수  span
 1       5  1 0
 2      13  2 1 0
 3      29  3 2 2 0
 4      49  4 3 3 2 0
 5      81  5 4 4 4 3 0
 6     113  6 5 5 5 4 3 0
 7     149  7 6 6 6 5 4 3 0
 8     197  8 7 7 7 6 6 5 3 0

== 7. 경로 탐색 ==
맵 출발      도착      BFS걸음  다익스트라   A*비용  A*연노드
 1 (19,14) -> (23,18)        4          56       56         5
 1 ( 6,15) -> ( 4,25)       10         108      108        11
 1 (12,26) -> (25, 9)       17         222      222        18
 1 (14,21) -> (15,24)        3          34       34         4
 2 ( 1,29) -> (27,23)       26         308      308       144
 2 (13,15) -> ( 6,15)        7          70       70         8
 2 ( 3,22) -> (24,16)       21         234      234        56
 2 ( 1,11) -> (25,20)       24         276      276        25
 3 (28,30) -> (13, 1)       91         954      954       389
 3 (11, 6) -> ( 6,29)       26         276      276        76
 3 (15, 2) -> (11,30)       32         328      328       120
 3 (25,27) -> (19,24)       55         574      574       292
 4 ( 8, 3) -> (27,13)       20         248      248       106
 4 ( 1,12) -> (28,22)       27         310      310        77
 4 (28,11) -> (17, 3)       11         142      142        12
 4 (16,14) -> (28, 5)       16         180      180        42
 5 ( 1, 1) -> (25,25)       -1          -1       -1       836
 5 (28, 6) -> (27,30)       26         272      272       118
 5 (21,13) -> (27,14)        6          64       64         7
 5 (17,23) -> (18,22)        1          14       14         2
 6 (12,16) -> ( 7,14)        5          58       58         6
 6 (30, 1) -> (13,17)       17         234      234        18
 6 (11,24) -> (25, 5)       19         246      246        20
 6 ( 7, 6) -> (25, 5)       18         184      184        19
다익스트라와 A* 의 비용은 모든 줄에서 같아야 한다 (정리 8.1)

== 8. HPA* 와 JPS ==
맵 출발      도착        A*   JPS  JPS연노드   HPA*  HPA*/A*(pm)
 1 (19,14) -> (23,18)     56    56          2     74         1321
 1 ( 6,15) -> ( 4,25)    108   108          3    134         1240
 1 (12,26) -> (25, 9)    222   222          3    240         1081
 1 (14,21) -> (15,24)     34    34          3     34         1000
 2 ( 1,29) -> (27,23)    308   308          5    314         1019
 2 (13,15) -> ( 6,15)     70    70          2     70         1000
 2 ( 3,22) -> (24,16)    234   234          5    242         1034
 2 ( 1,11) -> (25,20)    276   276          4    318         1152
 3 (28,30) -> (13, 1)    954   954         11    966         1012
 3 (11, 6) -> ( 6,29)    276   276          6    276         1000
 3 (15, 2) -> (11,30)    328   328          6    336         1024
 3 (25,27) -> (19,24)    574   574          8    594         1034
 4 ( 8, 3) -> (27,13)    248   248         11    270         1088
 4 ( 1,12) -> (28,22)    310   310          8    344         1109
 4 (28,11) -> (17, 3)    142   142          6    148         1042
 4 (16,14) -> (28, 5)    180   180          5    202         1122
 5 ( 1, 1) -> (25,25)     -1    -1          8     -1           -1
 5 (28, 6) -> (27,30)    272   272          5    278         1022
 5 (21,13) -> (27,14)     64    64          3     72         1125
 5 (17,23) -> (18,22)     14    14          2     14         1000
 6 (12,16) -> ( 7,14)     58    58          3     70         1206
 6 (30, 1) -> (13,17)    234   234          9    258         1102
 6 (11,24) -> (25, 5)    246   246         10    284         1154
 6 ( 7, 6) -> (25, 5)    184   184          3    184         1000
JPS 비용은 모든 줄에서 A* 와 같아야 한다 (정리 10.1)

== 9. 흐름장과 클리어런스 ==
목표 (4,4) · 적분장
  65535 65535 65535 65535 65535 65535 65535 65535 65535 65535 65535 65535
  65535 65535 65535 65535 65535 65535 65535 65535 65535 65535 65535 65535
  65535 65535 65535 65535 65535 65535 65535 65535 65535 65535 65535 65535
  65535 65535 65535 65535 65535 65535 65535 65535 65535 65535 65535 65535
  65535 65535 65535 65535     0    10    20    30 65535 65535 65535 65535
  65535 65535 65535 65535    10 65535 65535    34 65535 65535 65535 65535
  65535 65535 65535 65535    20 65535 65535    44 65535 65535 65535 65535
  65535 65535 65535 65535    30    34    44    54 65535 65535 65535 65535
  65535 65535 65535 65535 65535 65535 65535 65535 65535 65535 65535 65535
  65535 65535 65535 65535 65535 65535 65535 65535 65535 65535 65535 65535
  65535 65535 65535 65535 65535 65535 65535 65535 65535 65535 65535 65535
  65535 65535 65535 65535 65535 65535 65535 65535 65535 65535 65535 65535
경사장 (방향 번호, 255=정지)
  255 255 255 255 255 255 255 255 255 255 255 255
  255 255 255 255 255 255 255 255 255 255 255 255
  255 255 255 255 255 255 255 255 255 255 255 255
  255 255 255 255 255 255 255 255 255 255 255 255
  255 255 255 255   2   6   6   6 255 255 255 255
  255 255 255 255   0 255 255   7 255 255 255 255
  255 255 255 255   0 255 255   0 255 255 255 255
  255 255 255 255   0   7   6   0 255 255 255 255
  255 255 255 255 255 255 255 255 255 255 255 255
  255 255 255 255 255 255 255 255 255 255 255 255
  255 255 255 255 255 255 255 255 255 255 255 255
  255 255 255 255 255 255 255 255 255 255 255 255
클리어런스 (좌상단 기준 정사각 여유)
   1  1  1  1  1  1  1  1  1  1  1  1
   1  0  0  0  0  0  0  0  0  0  0  1
   1  0  1  1  1  1  1  1  1  1  0  1
   1  0  1  0  0  0  0  0  0  1  0  1
   1  0  1  0  1  1  1  1  0  1  0  1
   1  0  1  0  1  0  0  1  0  1  0  1
   1  0  1  0  1  0  0  1  0  1  0  1
   1  0  1  0  1  1  1  1  0  1  0  1
   1  0  1  0  0  0  0  0  0  1  0  1
   1  0  1  1  1  1  1  1  1  1  0  1
   1  0  0  0  0  0  0  0  0  0  0  1
   1  1  1  1  1  1  1  1  1  1  1  1

== 10. 안개 참조 카운트 ==
초기 가시 칸 279 · 카운트 합 307 · 최대 2
  도수: 1:251 2:28
1번 유닛 (10,10)->(11,10) 가시 칸 278 · 카운트 합 307 · 최대 2
  도수: 1:249 2:29
3번 유닛 사망 가시 칸 81 · 카운트 합 110 · 최대 2
  도수: 1:52 2:29
전원 제거 후 카운트 합 0

== 11. 전투 ==
기본 관통 방어    mx    lo    n   E*100  모의평균*100
   6    3    0     9     5    5     700           700
   6    3    2     7     4    4     550           548
   6    3    5     4     2    3     300           302
   6    3    9     1     1    1     100           100
   9    1    0    10     5    6     750           757
   9    1    4     6     3    4     450           448
  12    8    3    17     9    9    1300          1295
  12    8   11     9     5    5     700           700
   4    0    0     4     2    3     300           302
   4    0    3     1     1    1     100           100
  20   12    6    26    13   14    1950          1953
   2    2    4     1     1    1     100           100
란체스터 제곱 법칙 시뮬 (A0 B0 alpha beta -> 틱 A남음 B남음)
  10   10   6554   6554       22        0        0
  20   10   6554   6554        5       16        0
  10   20   6554   6554        5        0       16
  30   20   3277   6554       23        9        0
   5    5  13107  13107        8        0        0
  50   40   1311   1311       54       29        0
  12    8   6554   9830        8        6        0
 100  100    655    655      459        0        0

== 12. 경제 ==
왕복타일 속도(fp)   총틱   수입*10000
       0       6554     32        31250
       4       6554    111         9009
       8       6554    191         5235
      16       6554    351         2849
       8      13107    112         8928
       8       3277    351         2849
적재 100 · 틱당 채굴 5 · 반납 12틱

== 13. CRC 와 FNV ==
crc16 '123456789'           10673 0x29B1
crc16 ''                    65535 0xFFFF
crc16 'A'                   47381 0xB915
crc16 'RTSM'                23576 0x5C18
crc16 'the quick brown fox'  32262 0x7E06
fnv1a ''                     2166136261 0x811C9DC5
fnv1a 'a'                    3826002220 0xE40C292C
fnv1a 'foobar'               3214735720 0xBF9CF968
fnv1a 'RTSM'                 2931388055 0xAEB96E97
fnv1a bytes(0..15)   3372216853 0xC8FFF215

== 14. PIT 분주값 ==
음   목표Hz  분주값   실제Hz*100   차이*100
C4      262    4554        26200          0
C#4     277    4308        27696         -4
D4      294    4058        29403          3
D#4     311    3837        31096         -4
E4      330    3616        32997         -3
F4      349    3419        34898         -2
F#4     370    3225        36997         -3
G4      392    3044        39197         -3
G#4     415    2875        41501          1
A4      440    2712        43996         -4
A#4     466    2560        46608          8
B4      494    2415        49407          7
C5      523    2281        52309          9
C#5     554    2154        55393         -7
D5      587    2033        58690        -10
D#5     622    1918        62209          9
E5      659    1811        65885        -15
F5      698    1709        69817         17
F#5     740    1612        74018         18
G5      784    1522        78395         -5
G#5     831    1436        83090        -10
A5      880    1356        87992         -8
A#5     932    1280        93217         17
B5      988    1208        98773        -27
