== 1. 격자점 개수 (가우스 원 문제) ==
 r   개수  span
 1      5  1 0
 2     13  2 1 0
 3     29  3 2 2 0
 4     49  4 3 3 2 0
 5     81  5 4 4 4 3 0
 6    113  6 5 5 5 4 3 0
 7    149  7 6 6 6 5 4 3 0
 8    197  8 7 7 7 6 6 5 3 0

N(r) = 5 13 29 49 81 113 149 197

== 2. 오프셋 목록 (dy 오름차순, 같은 dy 안에서 dx 오름차순) ==
r=1 n=5
  (0,-1) (-1,0) (0,0) (1,0) (0,1)
r=2 n=13
  (0,-2) (-1,-1) (0,-1) (1,-1) (-2,0) (-1,0) (0,0) (1,0) (2,0) (-1,1)
  (0,1) (1,1) (0,2)
r=3 n=29
  (0,-3) (-2,-2) (-1,-2) (0,-2) (1,-2) (2,-2) (-2,-1) (-1,-1) (0,-1) (1,-1)
  (2,-1) (-3,0) (-2,0) (-1,0) (0,0) (1,0) (2,0) (3,0) (-2,1) (-1,1)
  (0,1) (1,1) (2,1) (-2,2) (-1,2) (0,2) (1,2) (2,2) (0,3)
r=4 n=49
  (0,-4) (-2,-3) (-1,-3) (0,-3) (1,-3) (2,-3) (-3,-2) (-2,-2) (-1,-2) (0,-2)
  (1,-2) (2,-2) (3,-2) (-3,-1) (-2,-1) (-1,-1) (0,-1) (1,-1) (2,-1) (3,-1)
  (-4,0) (-3,0) (-2,0) (-1,0) (0,0) (1,0) (2,0) (3,0) (4,0) (-3,1)
  (-2,1) (-1,1) (0,1) (1,1) (2,1) (3,1) (-3,2) (-2,2) (-1,2) (0,2)
  (1,2) (2,2) (3,2) (-2,3) (-1,3) (0,3) (1,3) (2,3) (0,4)
r=5 n=81
  (0,-5) (-3,-4) (-2,-4) (-1,-4) (0,-4) (1,-4) (2,-4) (3,-4) (-4,-3) (-3,-3)
  (-2,-3) (-1,-3) (0,-3) (1,-3) (2,-3) (3,-3) (4,-3) (-4,-2) (-3,-2) (-2,-2)
  (-1,-2) (0,-2) (1,-2) (2,-2) (3,-2) (4,-2) (-4,-1) (-3,-1) (-2,-1) (-1,-1)
  (0,-1) (1,-1) (2,-1) (3,-1) (4,-1) (-5,0) (-4,0) (-3,0) (-2,0) (-1,0)
  (0,0) (1,0) (2,0) (3,0) (4,0) (5,0) (-4,1) (-3,1) (-2,1) (-1,1)
  (0,1) (1,1) (2,1) (3,1) (4,1) (-4,2) (-3,2) (-2,2) (-1,2) (0,2)
  (1,2) (2,2) (3,2) (4,2) (-4,3) (-3,3) (-2,3) (-1,3) (0,3) (1,3)
  (2,3) (3,3) (4,3) (-3,4) (-2,4) (-1,4) (0,4) (1,4) (2,4) (3,4)
  (0,5)
r=6 n=113
  (0,-6) (-3,-5) (-2,-5) (-1,-5) (0,-5) (1,-5) (2,-5) (3,-5) (-4,-4) (-3,-4)
  (-2,-4) (-1,-4) (0,-4) (1,-4) (2,-4) (3,-4) (4,-4) (-5,-3) (-4,-3) (-3,-3)
  (-2,-3) (-1,-3) (0,-3) (1,-3) (2,-3) (3,-3) (4,-3) (5,-3) (-5,-2) (-4,-2)
  (-3,-2) (-2,-2) (-1,-2) (0,-2) (1,-2) (2,-2) (3,-2) (4,-2) (5,-2) (-5,-1)
  (-4,-1) (-3,-1) (-2,-1) (-1,-1) (0,-1) (1,-1) (2,-1) (3,-1) (4,-1) (5,-1)
  (-6,0) (-5,0) (-4,0) (-3,0) (-2,0) (-1,0) (0,0) (1,0) (2,0) (3,0)
  (4,0) (5,0) (6,0) (-5,1) (-4,1) (-3,1) (-2,1) (-1,1) (0,1) (1,1)
  (2,1) (3,1) (4,1) (5,1) (-5,2) (-4,2) (-3,2) (-2,2) (-1,2) (0,2)
  (1,2) (2,2) (3,2) (4,2) (5,2) (-5,3) (-4,3) (-3,3) (-2,3) (-1,3)
  (0,3) (1,3) (2,3) (3,3) (4,3) (5,3) (-4,4) (-3,4) (-2,4) (-1,4)
  (0,4) (1,4) (2,4) (3,4) (4,4) (-3,5) (-2,5) (-1,5) (0,5) (1,5)
  (2,5) (3,5) (0,6)
r=7 n=149
  (0,-7) (-3,-6) (-2,-6) (-1,-6) (0,-6) (1,-6) (2,-6) (3,-6) (-4,-5) (-3,-5)
  (-2,-5) (-1,-5) (0,-5) (1,-5) (2,-5) (3,-5) (4,-5) (-5,-4) (-4,-4) (-3,-4)
  (-2,-4) (-1,-4) (0,-4) (1,-4) (2,-4) (3,-4) (4,-4) (5,-4) (-6,-3) (-5,-3)
  (-4,-3) (-3,-3) (-2,-3) (-1,-3) (0,-3) (1,-3) (2,-3) (3,-3) (4,-3) (5,-3)
  (6,-3) (-6,-2) (-5,-2) (-4,-2) (-3,-2) (-2,-2) (-1,-2) (0,-2) (1,-2) (2,-2)
  (3,-2) (4,-2) (5,-2) (6,-2) (-6,-1) (-5,-1) (-4,-1) (-3,-1) (-2,-1) (-1,-1)
  (0,-1) (1,-1) (2,-1) (3,-1) (4,-1) (5,-1) (6,-1) (-7,0) (-6,0) (-5,0)
  (-4,0) (-3,0) (-2,0) (-1,0) (0,0) (1,0) (2,0) (3,0) (4,0) (5,0)
  (6,0) (7,0) (-6,1) (-5,1) (-4,1) (-3,1) (-2,1) (-1,1) (0,1) (1,1)
  (2,1) (3,1) (4,1) (5,1) (6,1) (-6,2) (-5,2) (-4,2) (-3,2) (-2,2)
  (-1,2) (0,2) (1,2) (2,2) (3,2) (4,2) (5,2) (6,2) (-6,3) (-5,3)
  (-4,3) (-3,3) (-2,3) (-1,3) (0,3) (1,3) (2,3) (3,3) (4,3) (5,3)
  (6,3) (-5,4) (-4,4) (-3,4) (-2,4) (-1,4) (0,4) (1,4) (2,4) (3,4)
  (4,4) (5,4) (-4,5) (-3,5) (-2,5) (-1,5) (0,5) (1,5) (2,5) (3,5)
  (4,5) (-3,6) (-2,6) (-1,6) (0,6) (1,6) (2,6) (3,6) (0,7)
r=8 n=197
  (0,-8) (-3,-7) (-2,-7) (-1,-7) (0,-7) (1,-7) (2,-7) (3,-7) (-5,-6) (-4,-6)
  (-3,-6) (-2,-6) (-1,-6) (0,-6) (1,-6) (2,-6) (3,-6) (4,-6) (5,-6) (-6,-5)
  (-5,-5) (-4,-5) (-3,-5) (-2,-5) (-1,-5) (0,-5) (1,-5) (2,-5) (3,-5) (4,-5)
  (5,-5) (6,-5) (-6,-4) (-5,-4) (-4,-4) (-3,-4) (-2,-4) (-1,-4) (0,-4) (1,-4)
  (2,-4) (3,-4) (4,-4) (5,-4) (6,-4) (-7,-3) (-6,-3) (-5,-3) (-4,-3) (-3,-3)
  (-2,-3) (-1,-3) (0,-3) (1,-3) (2,-3) (3,-3) (4,-3) (5,-3) (6,-3) (7,-3)
  (-7,-2) (-6,-2) (-5,-2) (-4,-2) (-3,-2) (-2,-2) (-1,-2) (0,-2) (1,-2) (2,-2)
  (3,-2) (4,-2) (5,-2) (6,-2) (7,-2) (-7,-1) (-6,-1) (-5,-1) (-4,-1) (-3,-1)
  (-2,-1) (-1,-1) (0,-1) (1,-1) (2,-1) (3,-1) (4,-1) (5,-1) (6,-1) (7,-1)
  (-8,0) (-7,0) (-6,0) (-5,0) (-4,0) (-3,0) (-2,0) (-1,0) (0,0) (1,0)
  (2,0) (3,0) (4,0) (5,0) (6,0) (7,0) (8,0) (-7,1) (-6,1) (-5,1)
  (-4,1) (-3,1) (-2,1) (-1,1) (0,1) (1,1) (2,1) (3,1) (4,1) (5,1)
  (6,1) (7,1) (-7,2) (-6,2) (-5,2) (-4,2) (-3,2) (-2,2) (-1,2) (0,2)
  (1,2) (2,2) (3,2) (4,2) (5,2) (6,2) (7,2) (-7,3) (-6,3) (-5,3)
  (-4,3) (-3,3) (-2,3) (-1,3) (0,3) (1,3) (2,3) (3,3) (4,3) (5,3)
  (6,3) (7,3) (-6,4) (-5,4) (-4,4) (-3,4) (-2,4) (-1,4) (0,4) (1,4)
  (2,4) (3,4) (4,4) (5,4) (6,4) (-6,5) (-5,5) (-4,5) (-3,5) (-2,5)
  (-1,5) (0,5) (1,5) (2,5) (3,5) (4,5) (5,5) (6,5) (-5,6) (-4,6)
  (-3,6) (-2,6) (-1,6) (0,6) (1,6) (2,6) (3,6) (4,6) (5,6) (-3,7)
  (-2,7) (-1,7) (0,7) (1,7) (2,7) (3,7) (0,8)

== 3. 고전 미드포인트 외곽선과의 차이 ==
고전 알고리즘은 참원에 가장 가까운 점을 찍는다 — 원 안이라는 보장이 없다.
 r  원 밖으로 찍힌 점
 1  없음
 2  (-2,-1) (-2,1) (-1,-2) (-1,2) (1,-2) (1,2) (2,-1) (2,1)
 3  (-3,-1) (-3,1) (-1,-3) (-1,3) (1,-3) (1,3) (3,-1) (3,1)
 4  (-4,-1) (-4,1) (-3,-3) (-3,3) (-1,-4) (-1,4) (1,-4) (1,4) (3,-3) (3,3) (4,-1) (4,1)
 5  (-5,-2) (-5,-1) (-5,1) (-5,2) (-2,-5) (-2,5) (-1,-5) (-1,5) (1,-5) (1,5) (2,-5) (2,5) (5,-2) (5,-1) (5,1) (5,2)
 6  (-6,-2) (-6,-1) (-6,1) (-6,2) (-2,-6) (-2,6) (-1,-6) (-1,6) (1,-6) (1,6) (2,-6) (2,6) (6,-2) (6,-1) (6,1) (6,2)
 7  (-7,-2) (-7,-1) (-7,1) (-7,2) (-6,-4) (-6,4) (-5,-5) (-5,5) (-4,-6) (-4,6) (-2,-7) (-2,7) (-1,-7) (-1,7) (1,-7) (1,7) (2,-7) (2,7) (4,-6) (4,6) (5,-5) (5,5) (6,-4) (6,4) (7,-2) (7,-1) (7,1) (7,2)
 8  (-8,-2) (-8,-1) (-8,1) (-8,2) (-7,-4) (-7,4) (-4,-7) (-4,7) (-2,-8) (-2,8) (-1,-8) (-1,8) (1,-8) (1,8) (2,-8) (2,8) (4,-7) (4,7) (7,-4) (7,4) (8,-2) (8,-1) (8,1) (8,2)

== 4. 그림 ==
r=1
  .#.
  ###
  .#.
r=2
  ..#..
  .###.
  #####
  .###.
  ..#..
r=3
  ...#...
  .#####.
  .#####.
  #######
  .#####.
  .#####.
  ...#...
r=4
  ....#....
  ..#####..
  .#######.
  .#######.
  #########
  .#######.
  .#######.
  ..#####..
  ....#....
r=5
  .....#.....
  ..#######..
  .#########.
  .#########.
  .#########.
  ###########
  .#########.
  .#########.
  .#########.
  ..#######..
  .....#.....
r=6
  ......#......
  ...#######...
  ..#########..
  .###########.
  .###########.
  .###########.
  #############
  .###########.
  .###########.
  .###########.
  ..#########..
  ...#######...
  ......#......
r=7
  .......#.......
  ....#######....
  ...#########...
  ..###########..
  .#############.
  .#############.
  .#############.
  ###############
  .#############.
  .#############.
  .#############.
  ..###########..
  ...#########...
  ....#######....
  .......#.......
r=8
  ........#........
  .....#######.....
  ...###########...
  ..#############..
  ..#############..
  .###############.
  .###############.
  .###############.
  #################
  .###############.
  .###############.
  .###############.
  ..#############..
  ..#############..
  ...###########...
  .....#######.....
  ........#........
