# SPEC §22.2 팔레트 (성분 0..63) — 인덱스 r g b
  0  0  0  0
  1  0  0 42
  2  0 42  0
  3  0 42 42
  4 42  0  0
  5 42  0 42
  6 42 21  0
  7 42 42 42
  8 21 21 21
  9 21 21 63
 10 21 63 21
 11 21 63 63
 12 63 21 21
 13 63 21 63
 14 63 63 21
 15 63 63 63
 16  0  0  0
 17  4  4  4
 18  8  8  8
 19 12 12 12
 20 16 16 16
 21 21 21 21
 22 25 25 25
 23 29 29 29
 24 33 33 33
 25 37 37 37
 26 42 42 42
 27 46 46 46
 28 50 50 50
 29 54 54 54
 30 58 58 58
 31 63 63 63
 32  0  0  0
 33  0  0  0
 34  0  0  0
 35  0  0  0
 36  0  0  0
 37  0  0  0
 38  0  0  0
 39  0  0  0
 40  0  0  0
 41  0  0  0
 42  0  0  0
 43  0  0  0
 44  0  0  0
 45  0  0  0
 46  0  0  0
 47  0  0  0
 48  0  0  0
 49  0  0  0
 50  0  0  0
 51  0  0  0
 52  0  0  0
 53  0  0  0
 54  0  0  0
 55  0  0  0
 56  0  0  0
 57  0  0  0
 58  0  0  0
 59  0  0  0
 60  0  0  0
 61  0  0  0
 62  0  0  0
 63  0  0  0
 64  0  0  0
 65  0  0  0
 66  0  0  0
 67  0  0  0
 68  0  0  0
 69  0  0  0
 70  0  0  0
 71  0  0  0
 72  0  0  0
 73  0  0  0
 74  0  0  0
 75  0  0  0
 76  0  0  0
 77  0  0  0
 78  0  0  0
 79  0  0  0
 80  0  0  0
 81  0  0  0
 82  0  0  0
 83  0  0  0
 84  0  0  0
 85  0  0  0
 86  0  0  0
 87  0  0  0
 88  0  0  0
 89  0  0  0
 90  0  0  0
 91  0  0  0
 92  0  0  0
 93  0  0  0
 94  0  0  0
 95  0  0  0
 96  0  0  0
 97  0  0  0
 98  0  0  0
 99  0  0  0
100  0  0  0
101  0  0  0
102  0  0  0
103  0  0  0
104  0  0  0
105  0  0  0
106  0  0  0
107  0  0  0
108  0  0  0
109  0  0  0
110  0  0  0
111  0  0  0
112  0  0  0
113  0  0  0
114  0  0  0
115  0  0  0
116  0  0  0
117  0  0  0
118  0  0  0
119  0  0  0
120  0  0  0
121  0  0  0
122  0  0  0
123  0  0  0
124  0  0  0
125  0  0  0
126  0  0  0
127  0  0  0
128  0  0  0
129  0  0  0
130  0  0  0
131  0  0  0
132  0  0  0
133  0  0  0
134  0  0  0
135  0  0  0
136  0  0  0
137  0  0  0
138  0  0  0
139  0  0  0
140  0  0  0
141  0  0  0
142  0  0  0
143  0  0  0
144  0  0  0
145  0  0  0
146  0  0  0
147  0  0  0
148  0  0  0
149  0  0  0
150  0  0  0
151  0  0  0
152  0  0  0
153  0  0  0
154  0  0  0
155  0  0  0
156  0  0  0
157  0  0  0
158  0  0  0
159  0  0  0
160 16  4  4
161 22  7  7
162 29 10 10
163 36 13 13
164 42 16 16
165 49 19 19
166 56 22 22
167 63 26 26
168  4  8 20
169  7 12 26
170 10 16 32
171 13 20 38
172 16 25 44
173 19 29 50
174 22 33 56
175 26 38 63
176  4 18  6
177  7 23  8
178 10 28 11
179 13 34 14
180 16 39 17
181 19 45 20
182 22 50 23
183 26 56 26
184 20 16  4
185 26 22  6
186 32 28  8
187 38 34 10
188 44 40 13
189 50 46 15
190 56 52 17
191 63 58 20
192  0  0  0
193 10 10 12
194 20 20 24
195 30 30 34
196 42 42 46
197 52 52 56
198 63 63 63
199 63 52 20
200 52 20 20
201 20 52 20
202 20 20 52
203 40 40 10
204 30  8  8
205  8 30  8
206  8  8 30
207 32 32 32
208 24 14  6
209 27 16  7
210 30 19  9
211 33 22 11
212 36 25 12
213 39 28 14
214 42 31 16
215 46 34 18
216 44 40 26
217 40 36 25
218 36 33 24
219 32 30 23
220 29 27 22
221 25 24 21
222 21 21 20
223 18 18 20
224 20 20 22
225 22 22 24
226 25 25 27
227 28 28 30
228 31 31 33
229 34 34 36
230 37 37 39
231 40 40 42
232  6 10 30
233  8 13 33
234 10 16 36
235 12 20 40
236 15 23 43
237 17 27 47
238 19 30 50
239 22 34 54
240 40 32  4
241 43 35  7
242 46 39 10
243 49 43 13
244 53 46 16
245 56 50 19
246 59 54 22
247 63 58 26
248  0  0  0
249  4  4  4
250  8  8  8
251 12 12 12
252 17 17 17
253 21 21 21
254 25 25 25
255 30 30 30
# 명암표 각 단계의 FNV-1a
light 0 0xE6A1D1C5
light 1 0x093C70A7
light 2 0x3CE0E12B
light 3 0x452D0985
# 팔레트 전체의 FNV-1a
palette 0x5BB46AB5
