== 1. 기저 행렬을 리프팅한 결과 ==
리프팅 z  부호어 길이 n  검사 수 m  정보 비트 k  부호율  4-순환
--------  -------------  ---------  -----------  ------  ------
       4             96         56           40   0.417      84
       8            192        112           80   0.417      40
      16            384        224          160   0.417       0
      32            768        448          320   0.417       0

== 2. 기저 행렬 (씨앗 고정 생성기가 만든 것) ==
행  이 행이 보는 (열, 이동량)                
--  -----------------------------------------
 0  (0,3) (2,11) (6,7) (8,14) (10,0)         
 1  (1,5) (3,13) (8,8) (9,14) (10,0) (11,0)  
 2  (1,15) (6,1) (8,5) (9,15) (11,0) (12,0)  
 3  (1,0) (4,2) (7,1) (9,11) (12,0) (13,0)   
 4  (0,13) (2,1) (5,14) (7,9) (13,0) (14,0)  
 5  (0,6) (1,8) (6,15) (9,4) (14,0) (15,0)   
 6  (0,10) (1,7) (8,3) (9,5) (15,0) (16,0)   
 7  (0,11) (2,12) (7,12) (9,11) (16,0) (17,0)
 8  (1,14) (6,12) (7,4) (8,14) (17,0) (18,0) 
 9  (2,3) (6,5) (7,0) (9,6) (18,0) (19,0)    
10  (3,5) (4,3) (5,3) (9,4) (19,0) (20,0)    
11  (0,9) (4,12) (7,15) (9,2) (20,0) (21,0)  
12  (4,0) (5,2) (6,5) (7,1) (21,0) (22,0)    
13  (1,7) (5,7) (7,15) (8,0) (22,0) (23,0)   

== 3. 부호화는 앞먹임 한 번으로 끝난다 ==
확인할 것            값   
-------------------  -----
부호어 길이          384  
H·c = 0 인 부호어    20/20
0 메시지 → 0 부호어  예   

== 4. 합곱·최소합·일정(schedule) 비교 ==
Eb/N0 [dB]  합곱 프레임오류  최소합 프레임오류  홍수 평균 반복  계층 평균 반복
----------  ---------------  -----------------  --------------  --------------
       0.0            38/40              39/40           28.20           27.24
       1.0            16/40              26/40           18.40           13.12
       2.0             1/40               7/40            8.00            4.76
       3.0             0/40               0/40            5.04            2.72
