10000000000000000000000000000000
11100000000000000000000000000022
11111000000000000000000000002222
11111110000000000000000000222222
11111111100000000000000022222222
11111111111000000000002222222222
11111111111110000000222222222222
11111111111111100022222222222222
11111111111111113222222222222222
11111111111111333332222222222222
11111111111133333333322222222222
11111111113333333333333222222222
11111111333333333333333332222222
11111133333333333333333333322222
11113333333333333333333333333222
11333333333333333333333333333332
