== 1. 타일 -> 화면 ==
tx ty h  sx sy
0 0 0  0 0
1 0 0  16 8
0 1 0  -16 8
1 1 0  0 16
2 0 0  32 16
0 2 0  -32 16
5 3 0  32 64
5 3 1  32 56
5 3 7  32 8
47 47 0  0 752
-1 -1 0  0 -16
24 24 15  0 264

기저 e_x = (16, 8)   e_y = (-16, 8)   det = 256
역행렬 * 256 = [[8, 16], [-8, 16]]

== 2. 화면 -> 타일 (대수적 역) ==
px py  tx ty
0 8  0 0
15 8  0 0
16 8  1 0
17 8  1 -1
0 0  0 0
31 15  1 -1
32 16  2 0
-1 0  -1 0
-1 -1  -1 -1
-16 8  0 1
-17 8  -1 1
16 0  0 -1
16 15  1 0
159 99  11 1
319 199  22 2
-320 -200  -23 -3
7 3  0 -1
8 4  0 0
9 4  0 -1
0 16  1 1

마름모 정의(|u| + 2|v| <= 16)로 직접 찾은 타일과 전부 일치

== 3. 모서리 마스크 32x16 ==
10000000000000000000000000000000
11100000000000000000000000000022
11111000000000000000000000002222
11111110000000000000000000222222
11111111100000000000000022222222
11111111111000000000002222222222
11111111111110000000222222222222
11111111111111100022222222222222
11111111111111113222222222222222
11111111111111333332222222222222
11111111111133333333322222222222
11111111113333333333333222222222
11111111333333333333333332222222
11111133333333333333333333322222
11113333333333333333333333333222
11333333333333333333333333333332

값 분포  0:136 1:136 2:120 3:120  합 512
전수 확인  카메라 5개 x 64000픽셀 = 320000  불일치 0

== 4. 가시 타일 범위 ==
camX camY  tx0 ty0 tx1 ty1
0 0  0 0 33 23
100 50  0 0 39 23
-200 300  2 4 45 47
700 700  55 1 47 44
-768 -120  0 0 1 39

== 5. 고정소수점 16.16 ==
a b  fp_mul fp_div
65536 65536  65536 65536
65536 32768  32768 131072
98304 98304  147456 65536
-65536 32768  -32768 -131072
-98304 98304  -147456 -65536
1 65536  1 1
65535 65535  65534 65536
46341 46341  32768 65536
3277 46341  2317 4634
-1 65536  -1 -1
123456 -654321  -1232603 -12366
2147483647 3  98303 46912496096597

fp_floor  1 -1 -1 -2 1

== 6. 정수 제곱근 ==
n  isqrt(n)
0  0
1  1
2  1
3  1
4  2
8  2
15  3
16  4
17  4
1000  31
65535  255
65536  256
1000000  1000
4294967295  65535
8796093022207  2965820

x  fp_sqrt(x)
65536  65536
131072  92681
196608  113511
262144  131072
32768  46340
6553600  655360

== 7. CORDIC 사인/코사인 표 ==
a  COS SIN
0  65536 0
8  64277 12785
16  60547 25080
24  54491 36410
32  46341 46341
40  36410 54491
48  25079 60547
56  12785 64277
64  0 65536
96  -46341 46341
128  -65536 0
160  -46341 -46341
192  0 -65536
224  46341 -46341
255  65516 -1608

sum COS = 0   sum SIN = 0
max |sin^2 + cos^2 - 1| = 2 / 65536

== 8. 팔각 거리 근사 ==
dx dy  oct exact
3 4  5 5
100 0  95 100
0 100  95 100
100 100  135 141
1000 414  1124 1082
-7 24  25 25
65 72  94 97
1 1  1 1
0 0  0 0

반지름 1000, 256방향  상대오차 -41000 ~ 39078 ppm

== 9. LCG (a=22695477, c=1, m=2^32) ==
i  state rand15
1  22695478 346
2  2156045615 130
3  2867233980 10982
4  71484141 1090
5  2911408402 11656
6  2613937339 7117
7  1153135800 17595
8  420428313 6415

seed 12345 의 처음 8개 rand15: 15301 24996 10921 23577 19316 10386 21959 16484

== 10. 다이아몬드-스퀘어 5x5 (n=4, seed=1, scale=100, corners 50/60/70/80) ==
  50   58  103   41   60
  29   49   51   87   29
 104  114  110   73   68
 137  150  171  137   81
  70  152  185  114   80

== 11. 옥타일 휴리스틱 (MIN_MOVE=8) ==
ax ay bx by  h
0 0 0 0  0
0 0 1 0  8
0 0 1 1  11
0 0 3 0  24
0 0 3 3  33
0 0 5 2  46
10 10 2 7  73
0 0 47 47  526

== 12. 주사위 분포 ==
1d6  경우의 수 6 = 6^1  합계기대값*6 = 21
2d6  경우의 수 36 = 6^2  합계기대값*36 = 252
3d6  경우의 수 216 = 6^3  합계기대값*216 = 2268
2d20  경우의 수 400 = 20^2  합계기대값*400 = 8400

2d6 분포: 1 2 3 4 5 6 5 4 3 2 1
3d6 분포: 1 3 6 10 15 21 25 27 27 25 21 15 10 6 3 1

== 13. CRC-16/CCITT-FALSE ==
표 앞 4개: 0 4129 8258 12387
표 뒤 4개: 11923 16050 3793 7920
crc16 [] = 0xFFFF
crc16 [41] = 0xB915
crc16 [313233343536373839] = 0x29B1
crc16 [49534F525047] = 0x6B42
crc16 [000102030405060708090A0B0C0D0E0F] = 0x3B37

== 14. 상자 정렬 사례 ==
case name  겹침쌍 상호쌍 순서 절단
1 disjoint  0 0  0 1  0
2 depth-x  1 0  0 1  0
3 stacked  1 0  0 1  0
4 wall-and-actor  2 0  2 0 1  0
5 mutual  1 1  0 1  0
6 three-cycle  3 0  0 1 2  1
